0.09999289130610	-4.51624494533375000E-05
0.09998383142610	-4.16332694533427000E-05
0.09997281052610	-3.73460094533339000E-05
0.09995939948610	-3.21412994533365000E-05
0.09994309165610	-2.58279594533283000E-05
0.09992326714610	-1.81774094533282000E-05
0.09989918091610	-8.91752735333151000E-06
0.09986992695610	2.27397054667344000E-06
0.09983443834610	1.57763105466757000E-05
0.09979142167610	3.20321605466555000E-05
0.09973932721610	5.15531205466834000E-05
0.09967634894610	7.49231505466796000E-05
0.09960031726610	1.02798350546666000E-04
0.09950872876610	1.35901150546684000E-04
0.09939865090610	1.75006150546674000E-04
0.09926672794610	2.20915260546663000E-04
0.09910918690610	2.74417850546673000E-04
0.09892180778610	3.36234340546666000E-04
0.09870001890610	4.06941960546658000E-04
0.09843893863610	4.86883570546676000E-04
0.09813357808610	5.76066970546669000E-04
0.09777896620610	6.74069350546668000E-04
0.09744618155610	7.60857670546684000E-04
0.09711153723610	8.43313940546675000E-04
0.09677496769610	9.21599990546677000E-04
0.09643627621610	9.95910210546664000E-04
0.09609511711610	1.06647522054667000E-03
0.09575098969610	1.13356220054668000E-03
0.09540323831610	1.19747124054667000E-03
0.09505110599610	1.25853126054667000E-03
0.09469371654610	1.31709329054667000E-03
0.09433014013610	1.37351225054667000E-03
0.09395942904610	1.42813227054667000E-03
0.09358067729610	1.48126525054666000E-03
0.09319313981610	1.53317326054668000E-03
0.09279619076610	1.58405225054667000E-03
0.09238937713610	1.63403130054668000E-03
0.09197238900610	1.68319731054667000E-03
0.09154489853610	1.73163521054666000E-03
0.09110653021610	1.77944223054667000E-03
0.09065686084610	1.82672623054666000E-03
0.09019543745610	1.87359634054667000E-03
0.08972177722610	1.92016526054667000E-03
0.08923533775610	1.96653432054667000E-03
0.08873554088610	2.01279628054668000E-03
0.08822171904610	2.05903421054668000E-03
0.08769307949610	2.10532821054668000E-03
0.08714863874610	2.15177718054666000E-03
0.08658703186610	2.19852417054666000E-03
0.08600650646610	2.24577631054667000E-03
0.08540489890610	2.29380722054666000E-03
0.08477956869610	2.34296522054667000E-03
0.08412751772610	2.39366121054668000E-03
0.08344550945610	2.44635227054667000E-03
0.08273025967610	2.50150929054665000E-03
0.08197872855610	2.55956924054667000E-03
0.08118823983610	2.62090317054667000E-03
0.08035654046610	2.68579121054666000E-03
0.07948180057610	2.75441217054667000E-03
0.07856253006610	2.82684020054666000E-03
0.07759736993610	2.90306820054667000E-03
0.07658508636610	2.98299021054666000E-03
0.07552454688610	3.06637525054666000E-03
0.07441477992610	3.15283439054667000E-03
0.07326141000000	3.25078294000000000E-03
0.07205092907000	3.34139206000000000E-03
0.07078942060000	3.43259014000000000E-03
0.06947672963000	3.52302305000000000E-03
0.06811299920000	3.61103900000000000E-03
0.06669870019000	3.69467884000000000E-03
0.06523458958000	3.77167910000000000E-03
0.06372181773000	3.83994617000000000E-03
0.06216189265000	3.89876887000000000E-03
0.06055669188000	3.94787714000000000E-03
0.05890852213000	3.98714803000000000E-03
0.05722007155000	4.01658118000000000E-03
0.05549445152000	4.03627306000000000E-03
0.05373514295000	4.04639393000000000E-03
0.05194603801000	4.04719301000000000E-03
0.05013139248000	4.03902790999999000E-03
0.04829576015000	4.02239785000000000E-03
0.04644404054000	3.99798602000000000E-03
0.04458135068000	3.96669097000000000E-03
0.04271303117000	3.92963290000000000E-03
0.04084458053000	3.88810708999999000E-03
0.03898158073000	3.84350307000000000E-03
0.03712964952000	3.79719399000000000E-03
0.03529438972000	3.75037901000000000E-03
0.03348127007000	3.70389707000000000E-03
0.03169564903000	3.65730897000000000E-03
0.02994262874000	3.60943601000000000E-03
0.02822704017000	3.55919488000000000E-03
0.02655341029000	3.50570194000000000E-03
0.02492585927000	3.44833284999999000E-03
0.02334811985000	3.38673182000000000E-03
0.02182345986000	3.32079418000000000E-03
0.02035470009000	3.25063393000000000E-03
0.01894418001000	3.17653418000000000E-03
0.01759375036000	3.09888702000000000E-03
0.01630477011000	3.01814396000000000E-03
0.01507814974000	2.93476209000000000E-03
0.01391431987000	2.84917597000000000E-03
0.01281328946000	2.76178904000000000E-03
0.01177467033000	2.67296899000000000E-03
0.01079770029000	2.58307606000000000E-03
0.00988127068000	2.49249302000000000E-03
0.00902398005000	2.40164306000000000E-03
0.00822416469000	2.31098197000000000E-03
0.00583890288187	1.41370883923506000E-03
0.00528522534935	9.91304756561292000E-04
0.00477527549300	5.95773717078909000E-04
0.00430689615780	2.26192482856334000E-04
0.00387790779123	-1.18477710395139000E-04
0.00348609429601	-4.39412669575012000E-04
0.00312909557714	-7.38023170263131000E-04
0.00280430305160	-1.01603379410691000E-03
0.00250882911955	-1.27550777148009000E-03
0.00223960272577	-1.51875597871451000E-03
0.00199366905312	-1.74809436238995000E-03
0.00176848829959	-1.96558609639661000E-03
0.00156208176018	-2.17290948312440000E-03
0.00137307014552	-2.37129950330371000E-03
0.00120063057372	-2.56156956371757000E-03
0.00104440135350	-2.74420465666183000E-03
0.00090436440361	-2.91945342451703000E-03
0.00078073380978	-3.08740409464349000E-03
0.00067385295980	-3.24804255211235000E-03
0.00058410353540	-3.40129514911142000E-03
0.00051185544579	-3.54700682714791000E-03
0.00045745858755	-3.68485190490107000E-03
0.00042122483547	-3.81429080536143000E-03
0.00040339881144	-3.93459076603515000E-03
0.00040413893744	-4.04490234186641000E-03
0.00042350797107	-4.14436095221131000E-03
0.00046145789960	-4.23216691656676000E-03
0.00051771842597	-4.30753794670889000E-03
0.00059175169339	-4.36985598732847000E-03
0.00068290844959	-4.41871302052226000E-03
0.00079044272733	-4.45379035312370000E-03
0.00091358580184	-4.47488001477312000E-03
0.00105163375278	-4.48191985968218000E-03
0.00120402068026	-4.47500918048733000E-03
0.00137034768331	-4.45438864043646000E-03
0.00155035422077	-4.42040284902172000E-03
0.00174384610698	-4.37345044678681000E-03
0.00195069901057	-4.31392416549270000E-03
0.00217093264655	-4.24214201254608000E-03
0.00240480550116	-4.15827173924079000E-03
0.00265292736247	-4.06225734949038000E-03
0.00291639011669	-3.95375038571767000E-03
0.00319688786633	-3.83206043949177000E-03
0.00349675612474	-3.69613353863039000E-03
0.00381892415003	-3.54457100700932000E-03
0.00416672667912	-3.37572463840497000E-03
0.00454358585478	-3.18788191794914000E-03
0.00495265621155	-2.97945247974183000E-03
0.00539673338190	-2.74902668126026000E-03
0.00587826735121	-2.49535176168275000E-03
0.00639948852244	-2.21728185223016000E-03
0.00696253909240	-1.91370608663301000E-03
0.00756948033584	-1.58353955748509000E-03
0.00822427571000	-1.25654796000000000E-03
0.00902410075000	-1.27207898000000000E-03
0.00988140404000	-1.28661301000000000E-03
0.01079785004000	-1.30013404000000000E-03
0.01177482978000	-1.31266098000000000E-03
0.01281345934000	-1.32426899000000000E-03
0.01391450018000	-1.33510605000000000E-03
0.01507834941000	-1.34538999000000000E-03
0.01630499065000	-1.35538802000000000E-03
0.01759399027000	-1.36535298000000000E-03
0.01894443929000	-1.37545596999999000E-03
0.02035498023000	-1.38574596000000000E-03
0.02182375044000	-1.39614101000000000E-03
0.02334842980000	-1.40643502000000000E-03
0.02492619008000	-1.41631998000000000E-03
0.02655377090000	-1.42541500000000000E-03
0.02822741866000	-1.43325403000000000E-03
0.02994303107000	-1.43922502000000000E-03
0.03169606924000	-1.44248698000000000E-03
0.03348172009000	-1.44190798000000000E-03
0.03529486060000	-1.43603198000000000E-03
0.03713015020000	-1.42393904000000000E-03
0.03898209929000	-1.40592298000000000E-03
0.04084511995000	-1.38259799999999000E-03
0.04271360040000	-1.35480099999999000E-03
0.04458194077000	-1.32355196000000000E-03
0.04644466043000	-1.28997704000000000E-03
0.04829640985000	-1.25523200000000000E-03
0.05013206005000	-1.22043798000000000E-03
0.05194674134000	-1.18669504000000000E-03
0.05373585820000	-1.15513299000000000E-03
0.05549519062000	-1.12690497000000000E-03
0.05722084045000	-1.10305902000000000E-03
0.05890930891000	-1.08442204000000000E-03
0.06055750251000	-1.07152499000000000E-03
0.06216272116000	-1.06458496000000000E-03
0.06372267008000	-1.06351702000000000E-03
0.06523547173000	-1.06799901000000000E-03
0.06669958830000	-1.07723400000000000E-03
0.06811391115000	-1.08887302000000000E-03
0.06947765946000	-1.10058002000000000E-03
0.07079036832000	-1.11059099000000000E-03
0.07205190063000	-1.11763701000000000E-03
0.07326238751000	-1.12087699000000000E-03
0.07441578128610	-1.12881571945332000E-03
0.07552556612610	-1.12320077945333000E-03
0.07658611752610	-1.11299375945333000E-03
0.07759840705610	-1.09830474945333000E-03
0.07856357910610	-1.07937273945332000E-03
0.07948286154610	-1.05654778945332000E-03
0.08035760738610	-1.03026669945332000E-03
0.08118933059610	-1.00104198945333000E-03
0.08197983124610	-9.69449289453316000E-04
0.08273136832610	-9.36112789453338000E-04
0.08344663002610	-9.01673409453336000E-04
0.08412865020610	-8.66755419453324000E-04
0.08478070714610	-8.31930569453318000E-04
0.08540604927610	-7.97679509453332000E-04
0.08600766875610	-7.64367449453333000E-04
0.08658818819610	-7.32238029453322000E-04
0.08714980103610	-7.01422659453332000E-04
0.08769425966610	-6.71955659453329000E-04
0.08822289921610	-6.43793629453333000E-04
0.08873672702610	-6.16843529453328000E-04
0.08923654176610	-5.91000869453337000E-04
0.08972298719610	-5.66176839453336000E-04
0.09019664742610	-5.42310529453329000E-04
0.09065807678610	-5.19370239453318000E-04
0.09110774614610	-4.97349959453321000E-04
0.09154612042610	-4.76263839453319000E-04
0.09197361685610	-4.56138559453338000E-04
0.09239061691610	-4.37007149453323000E-04
0.09279743053610	-4.18903959453322000E-04
0.09319439151610	-4.01869739453333000E-04
0.09358194091610	-3.85972859453336000E-04
0.09396068074610	-3.71317359453320000E-04
0.09433140971610	-3.58035949453328000E-04
0.09469498612610	-3.46277049453325000E-04
0.09505238153610	-3.36189449453303000E-04
0.09540451981610	-3.27909649453330000E-04
0.09575227119610	-3.21551859453321000E-04
0.09609639861610	-3.17201859453339000E-04
0.09643756963610	-3.14913549453337000E-04
0.09677626707610	-3.14708659453322000E-04
0.09711283662610	-3.16579149453344000E-04
0.09744748689610	-3.20489659453333000E-04
0.09778027155610	-3.26382649453333000E-04
0.09813488938610	-3.34815959453334000E-04
0.09844026186610	-3.43812959453322000E-04
0.09870133616610	-3.52745549453328000E-04
0.09892313697610	-3.61212739453333000E-04
0.09911051609610	-3.68983859453322000E-04
0.09926805712610	-3.75949749453334000E-04
0.09939998008610	-3.82083539453332000E-04
0.09951005794610	-3.87410539453323000E-04
0.09960165836610	-3.91986849453334000E-04
0.09967769005610	-3.95884549453333000E-04
0.09974066831610	-3.99181249453326000E-04
0.09979275681610	-4.01954259453323000E-04
0.09983577944610	-4.04276229453330000E-04
0.09987125613610	-4.06213239453328000E-04
0.09990051009610	-4.07824429453318000E-04
0.09992459633610	-4.09161349453317000E-04
0.09994442679610	-4.10268359453314000E-04
0.09996074058610	-4.11183669453334000E-04
0.09997415163610	-4.11939249453319000E-04
0.09998516657610	-4.12562439453332000E-04
0.09998969892258	-4.12773807196253000E-04
0.09999426220610	-4.13075929453314000E-04
