0.09900809400624	-0.00909931958143
0.09900078755451	-0.00909290457557
0.09899189762539	-0.00908510649919
0.09898107548572	-0.00907562882578
0.09896791042766	-0.00906411862042
0.09895189812411	-0.00905014907329
0.09893243153772	-0.00903320965457
0.09890876952509	-0.00901268764299
0.09888003921242	-0.00898786177425
0.09884517659319	-0.00895787370432
0.09880290037509	-0.00892171264758
0.09875171318051	-0.00887821216591
0.09868980065176	-0.00882601368008
0.09861505743857	-0.00876358211129
0.09852499278352	-0.00868918658590
0.09841672759187	-0.00860092582432
0.09828698640262	-0.00849676762622
0.09813205011103	-0.00837459169325
0.09794782016745	-0.00823229199998
0.09772982660521	-0.00806787674760
0.09747338406894	-0.00787963230565
0.09717367669012	-0.00766625578632
0.09689064476385	-0.00747088238876
0.09660438367104	-0.00727894374201
0.09631488716396	-0.00709026535620
0.09602203687158	-0.00690459728229
0.09572558683763	-0.00672160457883
0.09542515793896	-0.00654086492926
0.09512023671233	-0.00636187209914
0.09481022432647	-0.00618405810237
0.09449441749146	-0.00600679340400
0.09417206384267	-0.00582942646776
0.09384239051402	-0.00565130977789
0.09350465283887	-0.00547184038084
0.09315824031366	-0.00529051718243
0.09280263186000	-0.00510694200000
0.09243744593570	-0.00492083859948
0.09206242103277	-0.00473201932270
0.09167727813015	-0.00454029223369
0.09128169761850	-0.00434543753414
0.09087531871017	-0.00414720912588
0.09045775307727	-0.00394534953539
0.09002858556307	-0.00373958772516
0.08958734113520	-0.00352964296440
0.08913350822676	-0.00331523034485
0.08866648793876	-0.00309604348387
0.08818556273508	-0.00287173597902
0.08768984226323	-0.00264187852132
0.08717809283453	-0.00240586985419
0.08664873858367	-0.00216291598640
0.08609983993765	-0.00191201979081
0.08552903477996	-0.00165195085290
0.08493364634484	-0.00138129763898
0.08431078961010	-0.00109852367246
0.08365753948170	-0.00080206319552
0.08297118890637	-0.00049046590756
0.08224934992890	-0.00016246780082
0.08149000118494	0.00018296494927
0.08069148431577	0.00054662622157
0.07985242444622	0.00092909533848
0.07897154210567	0.00133083043357
0.07804764164211	0.00175215392830
0.07707957988204	0.00219323610003
0.07606631082639	0.00265404377060
0.07326141000000	0.00325078294000
0.07205092907000	0.00334139206000
0.07078942060000	0.00343259014000
0.06947672963000	0.00352302305000
0.06811299920000	0.00361103900000
0.06669870019000	0.00369467884000
0.06523458958000	0.00377167910000
0.06372181773000	0.00383994617000
0.06216189265000	0.00389876887000
0.06055669188000	0.00394787714000
0.05890852213000	0.00398714803000
0.05722007155000	0.00401658118000
0.05549445152000	0.00403627306000
0.05373514295000	0.00404639393000
0.05194603801000	0.00404719301000
0.05013139248000	0.00403902791000
0.04829576015000	0.00402239785000
0.04644404054000	0.00399798602000
0.04458135068000	0.00396669097000
0.04271303117000	0.00392963290000
0.04084458053000	0.00388810709000
0.03898158073000	0.00384350307000
0.03712964952000	0.00379719399000
0.03529438972000	0.00375037901000
0.03348127007000	0.00370389707000
0.03169564903000	0.00365730897000
0.02994262874000	0.00360943601000
0.02822704017000	0.00355919488000
0.02655341029000	0.00350570194000
0.02492585927000	0.00344833285000
0.02334811985000	0.00338673182000
0.02182345986000	0.00332079418000
0.02035470009000	0.00325063393000
0.01894418001000	0.00317653418000
0.01759375036000	0.00309888702000
0.01630477011000	0.00301814396000
0.01507814974000	0.00293476209000
0.01391431987000	0.00284917597000
0.01281328946000	0.00276178904000
0.01177467033000	0.00267296899000
0.01079770029000	0.00258307606000
0.00988127068000	0.00249249302000
0.00902398005000	0.00240164306000
0.00822416469000	0.00231098197000
0.00691711855127	0.00204330526766
0.00627769881135	0.00176739510969
0.00568720902627	0.00150698106838
0.00514333276629	0.00126168919294
0.00464370392109	0.00103103885628
0.00418588776748	0.00081442530046
0.00376725301791	0.00061105061462
0.00338485136133	0.00041987251790
0.00303538183137	0.00023958764032
0.00271530554469	0.00006869670394
0.00242119517666	-0.00009433260933
0.00215008724130	-0.00025088775459
0.00189965579152	-0.00040211848941
0.00166826373984	-0.00054888943002
0.00145491586660	-0.00069179074839
0.00125914389401	-0.00083120552944
0.00108087012589	-0.00096737065555
0.00092028094458	-0.00110042352539
0.00077771295248	-0.00123043351632
0.00065355431078	-0.00135742150535
0.00054820145284	-0.00148132652902
0.00046207267125	-0.00160191722779
0.00039560111230	-0.00171874550174
0.00034920140284	-0.00183115953392
0.00032323275840	-0.00193837343719
0.00031796523341	-0.00203956349509
0.00033354570153	-0.00213394216569
0.00036990114734	-0.00222068500731
0.00042665921181	-0.00229906220418
0.00050328863668	-0.00236852078995
0.00059914271201	-0.00242857107217
0.00071352586000	-0.00247882528675
0.00084577010419	-0.00251905284016
0.00099530233328	-0.00254921317203
0.00116167727364	-0.00256944329401
0.00134455875473	-0.00258001454861
0.00154366191913	-0.00258126675728
0.00175877111826	-0.00257355090749
0.00198982854855	-0.00255718032995
0.00223704443537	-0.00253238032652
0.00250102400016	-0.00249924408551
0.00278291099499	-0.00245769765121
0.00308451622515	-0.00240748096376
0.00340836080825	-0.00234813637027
0.00375762536128	-0.00227901539296
0.00413594430241	-0.00219932553024
0.00454705241697	-0.00210823302752
0.00499439528068	-0.00200495791054
0.00548102650717	-0.00188880873389
0.00600962637706	-0.00175916265421
0.00658263625155	-0.00161544742323
0.00720240343793	-0.00145710341648
0.00787119044514	-0.00128357662042
0.00822427571000	-0.00125654796000
0.00902410075000	-0.00127207898000
0.00988140404000	-0.00128661301000
0.01079785004000	-0.00130013404000
0.01177482978000	-0.00131266098000
0.01281345934000	-0.00132426899000
0.01391450018000	-0.00133510605000
0.01507834941000	-0.00134538999000
0.01630499065000	-0.00135538802000
0.01759399027000	-0.00136535298000
0.01894443929000	-0.00137545597000
0.02035498023000	-0.00138574596000
0.02182375044000	-0.00139614101000
0.02334842980000	-0.00140643502000
0.02492619008000	-0.00141631998000
0.02655377090000	-0.00142541500000
0.02822741866000	-0.00143325403000
0.02994303107000	-0.00143922502000
0.03169606924000	-0.00144248698000
0.03348172009000	-0.00144190798000
0.03529486060000	-0.00143603198000
0.03713015020000	-0.00142393904000
0.03898209929000	-0.00140592298000
0.04084511995000	-0.00138259800000
0.04271360040000	-0.00135480100000
0.04458194077000	-0.00132355196000
0.04644466043000	-0.00128997704000
0.04829640985000	-0.00125523200000
0.05013206005000	-0.00122043798000
0.05194674134000	-0.00118669504000
0.05373585820000	-0.00115513299000
0.05549519062000	-0.00112690497000
0.05722084045000	-0.00110305902000
0.05890930891000	-0.00108442204000
0.06055750251000	-0.00107152499000
0.06216272116000	-0.00106458496000
0.06372267008000	-0.00106351702000
0.06523547173000	-0.00106799901000
0.06669958830000	-0.00107723400000
0.06811391115000	-0.00108887302000
0.06947765946000	-0.00110058002000
0.07079036832000	-0.00111059099000
0.07205190063000	-0.00111763701000
0.07326238751000	-0.00112087699000
0.07460284121270	-0.00136973372784
0.07564761826009	-0.00174402618019
0.07664770159108	-0.00209716466065
0.07760396652982	-0.00242958491649
0.07851740671177	-0.00274190292927
0.07938905622973	-0.00303486760407
0.08022003710281	-0.00330935215530
0.08101159670528	-0.00356635600246
0.08176522967260	-0.00380703572101
0.08248284527543	-0.00403275047777
0.08316675037853	-0.00424502195567
0.08381958236485	-0.00444547441785
0.08444422625989	-0.00463576637136
0.08504357019736	-0.00481746050796
0.08562030097878	-0.00499192339177
0.08617679972160	-0.00516028095496
0.08671508264035	-0.00532340688319
0.08723678470485	-0.00548193277940
0.08774317537058	-0.00563627450228
0.08823523304905	-0.00578668915340
0.08871374398227	-0.00593335170551
0.08917934348155	-0.00607639888339
0.08963260126321	-0.00621597322775
0.09007404906909	-0.00635223454236
0.09050413142780	-0.00648533822669
0.09092328038164	-0.00661545658941
0.09133187887347	-0.00674275740256
0.09173027408031	-0.00686740217804
0.09211874549270	-0.00698952919661
0.09249759284271	-0.00710929091705
0.09286720720726	-0.00722690243755
0.09322811870692	-0.00734266742329
0.09358103249409	-0.00745698375577
0.09392670434432	-0.00757028446007
0.09426599633620	-0.00768304164614
0.09459972993780	-0.00779569956418
0.09492868383570	-0.00790866317266
0.09525354562050	-0.00802227401927
0.09557492415854	-0.00813681107241
0.09589326572009	-0.00825245988576
0.09620889789735	-0.00836933113714
0.09652202881342	-0.00848746294784
0.09683272858145	-0.00860681960416
0.09716307597761	-0.00873603076438
0.09744695508842	-0.00884892871827
0.09768922955590	-0.00894661527668
0.09789475819080	-0.00903043217747
0.09806817908758	-0.00910182207507
0.09821383675625	-0.00916225007616
0.09833570590854	-0.00921313426304
0.09843732331999	-0.00925578885109
0.09852183436852	-0.00929141836460
0.09859194769464	-0.00932108537404
0.09865000036303	-0.00934572309222
0.09869799911683	-0.00936614418549
0.09873763300426	-0.00938304072964
0.09877030769162	-0.00939699466624
0.09879724636253	-0.00940851413319
0.09881942277095	-0.00941800840631
0.09883767868816	-0.00942583107220
0.09885269558178	-0.00943227082705
0.09886503942292	-0.00943756768924
0.09887517693723	-0.00944192062765
0.09887936365774	-0.00944366940215
0.09888354840969	-0.00944551403909
