0.9875026000221210	-0.0907914250443213
0.9874295355048030	-0.0907272749857259
0.9873406362135550	-0.0906492942218962
0.9872324148169070	-0.0905545174878635
0.9871007642363030	-0.0904394154342190
0.9869406412008020	-0.0902997199629039
0.9867459753368960	-0.0901303257757489
0.9865093552106460	-0.0899251056599068
0.9862220520838770	-0.0896768469725071
0.9858734258916480	-0.0893769662732232
0.9854506637105600	-0.0890153557058398
0.9849387917647730	-0.0885803508891363
0.9843196664773460	-0.0880583660307981
0.9835722343453620	-0.0874340503429547
0.9826715877948710	-0.0866900950890546
0.9815889358784490	-0.0858074874732446
0.9802915239858610	-0.0847659054922806
0.9787421610700240	-0.0835441461625354
0.9768998616342070	-0.0821211492298056
0.9747199260117880	-0.0804769967060491
0.9721555006491490	-0.0785945522865131
0.9691584268608980	-0.0764607870932327
0.9663281075981930	-0.0745070531175928
0.9634654966701090	-0.0725876666501323
0.9605705315993310	-0.0707008827920790
0.9576420286754890	-0.0688442020529214
0.9546775283359890	-0.0670142750183059
0.9516732393492970	-0.0652068785226309
0.9486240270829620	-0.0634169502214428
0.9455239032244390	-0.0616388102536924
0.9423658348742620	-0.0598661632700791
0.9391422983864280	-0.0580924939076547
0.9358455650999520	-0.0563113270089008
0.9324681883484530	-0.0545166330384386
0.9290040630963140	-0.0527034010543351
0.9254479785597040	-0.0508676492300348
0.9217961193166860	-0.0490066152248515
0.9180458702873920	-0.0471184224570697
0.9141944412612430	-0.0452011515669085
0.9102386361446630	-0.0432526045713925
0.9061748470614090	-0.0412703204888145
0.9019991907323980	-0.0392517245839741
0.8977075155904200	-0.0371941064816316
0.8932950713117100	-0.0350946588739973
0.8887567422272990	-0.0329505326785351
0.8840865393472890	-0.0307586640687144
0.8792772873105340	-0.0285155890202616
0.8743200825920000	-0.0262170144432672
0.8692025883050130	-0.0238569277718948
0.8639090457963770	-0.0214273890940295
0.8584200593361900	-0.0189184271380931
0.8527120077593310	-0.0163177377590665
0.8467581234081360	-0.0136112056198517
0.8405295560607290	-0.0107834659546709
0.8339970547767390	-0.0078188611851930
0.8271335490233940	-0.0047028883056500
0.8199151592487020	-0.0014229072382848
0.8123216718090990	0.0020314202626804
0.8043365031174420	0.0056680329856178
0.7959459044219240	0.0094927241547610
0.7871370810164010	0.0135100751056817
0.7778980763808340	0.0177233100530118
0.7682174587800730	0.0221341317702524
0.7580847682235790	0.0267422084760003
0.7326141000000000	0.0325078294000000
0.7205092907000000	0.0334139206000000
0.7078942060000000	0.0343259014000000
0.6947672963000000	0.0352302305000000
0.6811299920000000	0.0361103900000000
0.6669870019000000	0.0369467884000000
0.6523458958000000	0.0377167910000000
0.6372181773000000	0.0383994617000000
0.6216189265000000	0.0389876887000000
0.6055669188000000	0.0394787714000000
0.5890852212999990	0.0398714803000000
0.5722007155000000	0.0401658118000000
0.5549445151999990	0.0403627306000000
0.5373514294999990	0.0404639393000000
0.5194603801000000	0.0404719301000000
0.5013139248000000	0.0403902790999999
0.4829576015000000	0.0402239785000000
0.4644404054000000	0.0399798602000000
0.4458135068000000	0.0396669097000000
0.4271303117000000	0.0392963290000000
0.4084458053000000	0.0388810708999999
0.3898158073000000	0.0384350307000000
0.3712964952000000	0.0379719399000000
0.3529438972000000	0.0375037901000000
0.3348127007000000	0.0370389707000000
0.3169564903000000	0.0365730897000000
0.2994262874000000	0.0360943601000000
0.2822704017000000	0.0355919488000000
0.2655341029000000	0.0350570194000000
0.2492585927000000	0.0344833284999999
0.2334811985000000	0.0338673182000000
0.2182345986000000	0.0332079418000000
0.2035470009000000	0.0325063393000000
0.1894418001000000	0.0317653418000000
0.1759375036000000	0.0309888702000000
0.1630477011000000	0.0301814396000000
0.1507814974000000	0.0293476209000000
0.1391431987000000	0.0284917597000000
0.1281328946000000	0.0276178904000000
0.1177467033000000	0.0267296899000000
0.1079770029000000	0.0258307606000000
0.0988127068000000	0.0249249302000000
0.0902398005000000	0.0240164306000000
0.0822416469000000	0.0231098197000000
0.0654919790619957	0.0190378556497079
0.0593058228031426	0.0158394384398609
0.0535969646391253	0.0128297367300425
0.0483425575543667	0.0100034042618793
0.0435193333513607	0.0073539959573619
0.0391034259649290	0.0048737805915426
0.0350691432106212	0.0025529629990614
0.0313878008558607	0.0003790891230513
0.0280273788316507	-0.0016631456246794
0.0249536203534796	-0.0035911661019896
0.0221334045539959	-0.0054226489442294
0.0195381366023037	-0.0071735021279335
0.0171454157165418	-0.0088568177199658
0.0149395140265113	-0.0104823627954491
0.0129109152616486	-0.0120567189280655
0.0110552152777290	-0.0135840342891984
0.0093718042463756	-0.0150667261305521
0.0078626372952452	-0.0165060350779788
0.0065311206440751	-0.0179024184131765
0.0053811410124404	-0.0192558136301887
0.0044166105509473	-0.0205653360415200
0.0036415406080655	-0.0218283859013340
0.0030599395165999	-0.0230401909783059
0.0026754887604014	-0.0241939597520034
0.0024912235374178	-0.0252816019185663
0.0025092632179169	-0.0262947119982155
0.0027305235993447	-0.0272253313021112
0.0031537012046409	-0.0280652864292721
0.0037745724200953	-0.0288075567445590
0.0045874518747568	-0.0294469966413070
0.0055855466302525	-0.0299791722459792
0.0067616473621821	-0.0304007005737943
0.0081089297235196	-0.0307097472633727
0.0096216482684088	-0.0309063074814482
0.0112954566817979	-0.0309920586140745
0.0131271907261470	-0.0309699419772902
0.0151142458138275	-0.0308435462141893
0.0172547155483836	-0.0306165230784551
0.0195482418707394	-0.0302920385664470
0.0219970790763231	-0.0298721935625509
0.0246073296414769	-0.0293574954988316
0.0273903516366602	-0.0287464087785903
0.0303640275961016	-0.0280350759841567
0.0335531880400242	-0.0272171730921704
0.0369891093050066	-0.0262840124350487
0.0407074942188572	-0.0252251530600086
0.0447450180596607	-0.0240296724763972
0.0491355085695561	-0.0226873864292752
0.0539089451724056	-0.0211892672146269
0.0590916309106436	-0.0195272319017415
0.0647075207456422	-0.0176938689401099
0.0707796401967942	-0.0156819583183234
0.0773301727795799	-0.0134843951501709
0.0822427571000000	-0.0125654796000000
0.0902410075000000	-0.0127207898000000
0.0988140404000000	-0.0128661301000000
0.1079785004000000	-0.0130013404000000
0.1177482978000000	-0.0131266098000000
0.1281345934000000	-0.0132426899000000
0.1391450018000000	-0.0133510605000000
0.1507834941000000	-0.0134538999000000
0.1630499065000000	-0.0135538802000000
0.1759399027000000	-0.0136535298000000
0.1894443929000000	-0.0137545596999999
0.2035498023000000	-0.0138574596000000
0.2182375044000000	-0.0139614101000000
0.2334842980000000	-0.0140643502000000
0.2492619008000000	-0.0141631998000000
0.2655377090000000	-0.0142541500000000
0.2822741866000000	-0.0143325403000000
0.2994303107000000	-0.0143922502000000
0.3169606924000000	-0.0144248698000000
0.3348172009000000	-0.0144190798000000
0.3529486060000000	-0.0143603198000000
0.3713015019999990	-0.0142393904000000
0.3898209929000000	-0.0140592298000000
0.4084511995000000	-0.0138259799999999
0.4271360040000000	-0.0135480099999999
0.4458194077000000	-0.0132355196000000
0.4644466043000000	-0.0128997704000000
0.4829640985000000	-0.0125523200000000
0.5013206004999990	-0.0122043798000000
0.5194674134000000	-0.0118669504000000
0.5373585820000000	-0.0115513299000000
0.5549519062000000	-0.0112690497000000
0.5722084045000000	-0.0110305902000000
0.5890930891000000	-0.0108442204000000
0.6055750251000000	-0.0107152499000000
0.6216272116000000	-0.0106458496000000
0.6372267008000000	-0.0106351702000000
0.6523547173000000	-0.0106799901000000
0.6669958830000000	-0.0107723400000000
0.6811391115000000	-0.0108887302000000
0.6947765946000000	-0.0110058002000000
0.7079036832000000	-0.0111059099000000
0.7205190063000000	-0.0111763701000000
0.7326238751000000	-0.0112087699000000
0.7434500720866810	-0.0134955665084485
0.7538978425605970	-0.0172384910319815
0.7638986758704720	-0.0207698758365618
0.7734613252579250	-0.0240940783949020
0.7825957270774000	-0.0272172585227148
0.7913122222569640	-0.0301469052707225
0.7996220309877620	-0.0328917507830337
0.8075376270125240	-0.0354617892546325
0.8150739566856590	-0.0378685864401457
0.8222501127139680	-0.0401257340077790
0.8290891637450130	-0.0422484487867682
0.8356174836081880	-0.0442529734085574
0.8418639225585730	-0.0461558929436606
0.8478573619333510	-0.0479728343096015
0.8536246697474780	-0.0497174631477208
0.8591896571757200	-0.0514010387796009
0.8645724863632260	-0.0530322980619464
0.8697895070082020	-0.0546175570240544
0.8748534136654780	-0.0561609742528670
0.8797739904502400	-0.0576651207640817
0.8845590997823910	-0.0591317462851578
0.8892150947752370	-0.0605622180639533
0.8937476725918130	-0.0619579615075521
0.8981621506506100	-0.0633205746536539
0.9024629742376820	-0.0646516114969811
0.9066544637761110	-0.0659527951240899
0.9107404486944450	-0.0672258032556156
0.9147244007628400	-0.0684722510104733
0.9186091148867170	-0.0696935211961089
0.9223975883868340	-0.0708911384005034
0.9260937320322940	-0.0720672536055460
0.9297028470288870	-0.0732249034629041
0.9332319849006100	-0.0743680667877416
0.9366887034029320	-0.0755010738307363
0.9400816233217080	-0.0766286456914432
0.9434189593376570	-0.0777552248717879
0.9467084983166690	-0.0788848609566058
0.9499571161647440	-0.0800209694227086
0.9531709015450860	-0.0811663399540875
0.9563543171606290	-0.0823228280876052
0.9595106389332120	-0.0834915406014083
0.9626419480939350	-0.0846728587084071
0.9657489457742180	-0.0858664252716786
0.9690524197357710	-0.0871585368738610
0.9718912108439470	-0.0882875164127262
0.9743139555186940	-0.0892643819968478
0.9763692418677340	-0.0901025510047252
0.9781034508355060	-0.0908164499807041
0.9795600275221640	-0.0914207299916088
0.9807787190450570	-0.0919295718604848
0.9817948931595610	-0.0923561177409358
0.9826400036448890	-0.0927124128760810
0.9833411369061510	-0.0930090829704724
0.9839216635900050	-0.0932554601522178
0.9844016511280070	-0.0934596710849177
0.9847979900022630	-0.0936286365264530
0.9851247368759140	-0.0937681758924721
0.9853941235849750	-0.0938833705619293
0.9856158876691790	-0.0939783132930850
0.9857984468412780	-0.0940565399520804
0.9859486157775050	-0.0941209375005476
0.9860720541889260	-0.0941739061224832
0.9861734293319590	-0.0942174355065019
0.9862152965370910	-0.0942349232515002
0.9862571440566490	-0.0942533696209027
