0.0984429935086808	-0.0090256291384519
0.0984356870569490	-0.0090192141325924
0.0984267971278242	-0.0090114160562094
0.0984159749881593	-0.0090019383828062
0.0984028099300990	-0.0089904281774417
0.0983867976265488	-0.0089764586303102
0.0983673310401583	-0.0089595192115947
0.0983436690275333	-0.0089389972000105
0.0983149387148564	-0.0089141713312705
0.0982800760956334	-0.0088841832613421
0.0982377998775247	-0.0088480222046038
0.0981866126829459	-0.0088045217229334
0.0981247001542032	-0.0087523232370996
0.0980499569410049	-0.0086898916683153
0.0979598922859557	-0.0086154961429253
0.0978516270943136	-0.0085272353813443
0.0977218859050548	-0.0084230771832479
0.0975669496134711	-0.0083009012502733
0.0973827196698893	-0.0081586015570004
0.0971647261076474	-0.0079941863046247
0.0969082835713836	-0.0078059418626711
0.0966085761925584	-0.0075925653433431
0.0963255442662880	-0.0073971919457791
0.0960392831734796	-0.0072052532990330
0.0957497866664017	-0.0070165749132277
0.0954569363740176	-0.0068309068393119
0.0951604863400676	-0.0066479141358504
0.0948600574413984	-0.0064671744862829
0.0945551362147649	-0.0062881816561641
0.0942451238289125	-0.0061103676593891
0.0939293169938948	-0.0059331029610277
0.0936069633451115	-0.0057557360247853
0.0932772900164638	-0.0055776193349099
0.0929395523413140	-0.0053981499378637
0.0925931398161000	-0.0052168267394533
0.0922375313624391	-0.0050332515570233
0.0918723454381372	-0.0048471481565050
0.0914973205352079	-0.0046583288797268
0.0911121776325929	-0.0044666017907107
0.0907165971209350	-0.0042717470911591
0.0903102182126096	-0.0040735186829013
0.0898926525797084	-0.0038716590924172
0.0894634850655106	-0.0036658972821830
0.0890222406376397	-0.0034559525214195
0.0885684077291985	-0.0032415399018733
0.0881013874411976	-0.0030223530408913
0.0876204622375221	-0.0027980455360460
0.0871247417656687	-0.0025681880783465
0.0866129923369699	-0.0023321794112093
0.0860836380861064	-0.0020892255434228
0.0855347394400876	-0.0018383293478291
0.0849639342824017	-0.0015782604099265
0.0843685458472823	-0.0013076071960050
0.0837456891125415	-0.0010248332294869
0.0830924389841426	-0.0007283727525391
0.0824060884088081	-0.0004167754645848
0.0816842494313389	-0.0000887773578483
0.0809249006873785	0.0002566553922482
0.0801263838182128	0.0006203166645420
0.0792873239486611	0.0010027857814563
0.0784064416081088	0.0014045208765484
0.0774825411445520	0.0018258443712814
0.0765144793844759	0.0022669265430054
0.0755012103288265	0.0027277342135802
0.0732614100000000	0.0032507829400000
0.0720509290700000	0.0033413920600000
0.0707894206000000	0.0034325901400000
0.0694767296300000	0.0035230230500000
0.0681129992000000	0.0036110390000000
0.0666987001900000	0.0036946788400000
0.0652345895800000	0.0037716791000000
0.0637218177300000	0.0038399461700000
0.0621618926500000	0.0038987688700000
0.060556691880000006	0.0039478771400000
0.058908522129999995	0.0039871480300000
0.0572200715500000	0.0040165811800000
0.055494451519999995	0.0040362730600000
0.053735142949999995	0.0040463939300000
0.0519460380100000	0.0040471930100000
0.0501313924800000	0.0040390279100000
0.0482957601500000	0.0040223978500000
0.0464440405400000	0.0039979860200000
0.0445813506800000	0.0039666909700000
0.042713031170000006	0.0039296329000000
0.0408445805300000	0.0038881070900000
0.0389815807300000	0.0038435030700000
0.0371296495200000	0.0037971939900000
0.0352943897200000	0.0037503790100000
0.0334812700700000	0.0037038970700000
0.0316956490300000	0.0036573089700000
0.0299426287400000	0.0036094360100000
0.0282270401700000	0.0035591948800000
0.026553410290000003	0.0035057019400000
0.0249258592700000	0.0034483328500000
0.0233481198500000	0.0033867318200000
0.0218234598600000	0.0033207941800000
0.0203547000900000	0.0032506339300000
0.018944180010000002	0.0031765341800000
0.0175937503600000	0.0030988870200000
0.0163047701100000	0.0030181439600000
0.0150781497400000	0.0029347620900000
0.0139143198700000	0.0028491759700000
0.0128132894600000	0.0027617890400000
0.0117746703300000	0.0026729689900000
0.010797700290000002	0.0025830760600000
0.0098812706800000	0.0024924930200000
0.0090239800500000	0.0024016430600000
0.0082241646900000	0.0023109819700000
0.0075801684530332	0.0022294498838438
0.0068894676030332	0.0021404759838438
0.0062500725530332	0.0020529109838438
0.0056596535330332	0.0019670339138438
0.0051158036130332	0.0018830349538438
0.0046160156930332	0.0018010038738438
0.0041575404830332	0.0017208989538438
0.0037372565930332	0.0016425309538438
0.0033516316730332	0.0015655568638438
0.0029968506730332	0.0014895109338438
0.0026691966730332	0.0014138649038438
0.0023654385530332	0.0013381019138438
0.0020830235530332	0.0012617578638438
0.0018201396830332	0.0011844528738438
0.0015756676030332	0.0011058939538438
0.0013490515830332	0.0010258419338438
0.0011401516430332	0.0009440905238438
0.0009491090730332	0.0008604562738438
0.0007762283130332	0.0007747797138438
0.0006218767330332	0.0006869337838438
0.0004864522130332	0.0005968678138438
0.0003704206130332	0.0005046889038438
0.0002743218130332	0.0004107084038438
0.0001987340430332	0.0003154385938438
0.0001442192230332	0.0002195359038438
0.0001112639930332	0.0001237177038438
0.0001002266130332	2.8700543843799902e-05
0.0001112641430332	-0.0000647029461562
0.0001442198130332	-0.0001556885861562
0.0001987353630332	-0.0002435783961562
0.0002743241130332	-0.0003277233961562
0.0003704243130332	-0.0004075591161562
0.0004864574230332	-0.0004826797761562
0.0006218837130332	-0.0005528884161562
0.0007762373930332	-0.0006181940061562
0.0009491205230332	-0.0006787647161562
0.0011401656130332	-0.0007348486861562
0.0013490686230332	-0.0007867238661562
0.0015756876230332	-0.0008346755161562
0.0018201625930332	-0.0008789781561562
0.0020830496230332	-0.0009198881861562
0.0023654685430332	-0.0009576497761562
0.0026692316930332	-0.0009925120661562
0.0029968886730332	-0.0010247300461562
0.0033516756330332	-0.0010545570561562
0.0037373046430332	-0.0010822330761562
0.0041575956230332	-0.0011079860961562
0.0046160756630332	-0.0011320160861562
0.0051158706730332	-0.0011545000761562
0.0056597287830332	-0.0011755781361562
0.0062501545130332	-0.0011953731161562
0.0068895584930332	-0.0012139940761562
0.0075802682930332	-0.0012315320961562
0.0082242757100000	-0.0012565479600000
0.0090241007500000	-0.0012720789800000
0.0098814040400000	-0.0012866130100000
0.010797850040000001	-0.0013001340400000
0.011774829780000001	-0.0013126609800000
0.0128134593400000	-0.0013242689900000
0.0139145001800000	-0.0013351060500000
0.0150783494100000	-0.0013453899900000
0.0163049906500000	-0.0013553880200000
0.0175939902700000	-0.0013653529800000
0.0189444392900000	-0.0013754559700000
0.020354980230000003	-0.0013857459600000
0.0218237504400000	-0.0013961410100000
0.0233484298000000	-0.0014064350200000
0.0249261900800000	-0.0014163199800000
0.0265537709000000	-0.0014254150000000
0.0282274186600000	-0.0014332540300000
0.0299430310700000	-0.0014392250200000
0.0316960692400000	-0.0014424869800000
0.0334817200900000	-0.0014419079800000
0.0352948606000000	-0.0014360319800000
0.037130150199999996	-0.0014239390400000
0.0389820992900000	-0.0014059229800000
0.0408451199500000	-0.0013825980000000
0.0427136004000000	-0.0013548010000000
0.0445819407700000	-0.0013235519600000
0.0464446604300000	-0.0012899770400000
0.0482964098500000	-0.0012552320000000
0.050132060049999996	-0.0012204379800000
0.051946741340000005	-0.0011866950400000
0.0537358582000000	-0.0011551329900000
0.0554951906200000	-0.0011269049700000
0.0572208404500000	-0.0011030590200000
0.0589093089100000	-0.0010844220400000
0.0605575025100000	-0.0010715249900000
0.0621627211600000	-0.0010645849600000
0.0637226700800000	-0.0010635170200000
0.0652354717300000	-0.0010679990100000
0.0666995883000000	-0.0010772340000000
0.0681139111500000	-0.0010888730200000
0.0694776594600000	-0.0011005800200000
0.0707903683200000	-0.0011105909900000
0.0720519006300000	-0.0011176370100000
0.0732623875100000	-0.0011208769900000
0.0740377407151367	-0.0012960432848647
0.0750825177625283	-0.0016703357372180
0.0760826010935158	-0.0020234742176760
0.0770388660322612	-0.0023558944735100
0.0779523062142086	-0.0026682124862913
0.0788239557321651	-0.0029611771610921
0.0796549366052448	-0.0032356617123232
0.0804464962077211	-0.0034926655594831
0.0812001291750346	-0.0037333452780344
0.0819177447778655	-0.0039590600347977
0.0826016498809699	-0.0041713315126966
0.0832544818672875	-0.0043717839748756
0.0838791257623260	-0.0045620759283859
0.0844784696998038	-0.0047437700649800
0.0850552004812165	-0.0049182329487919
0.0856116992240407	-0.0050865905119799
0.0861499821427913	-0.0052497164402145
0.0866716842072889	-0.0054082423364252
0.0871780748730164	-0.0055625840593065
0.0876701325514926	-0.0057129987104280
0.0881486434847078	-0.0058596612625356
0.0886142429839923	-0.0060027084404151
0.0890675007656499	-0.0061422827847750
0.0895089485715297	-0.0062785440993852
0.0899390309302369	-0.0064116477837179
0.0903581798840798	-0.0065417661464288
0.0907667783759131	-0.0066690669595814
0.0911651735827527	-0.0067937117350671
0.0915536449951403	-0.0069158387536307
0.0919324923451521	-0.0070356004740702
0.0923021067096981	-0.0071532119945744
0.0926630182093574	-0.0072689769803102
0.0930159319965297	-0.0073832933127940
0.0933616038467619	-0.0074965940170934
0.0937008958386395	-0.0076093512031641
0.0940346294402344	-0.0077220091211986
0.0943635833381356	-0.0078349727296804
0.0946884451229431	-0.0079485835762907
0.0950098236609773	-0.0080631206294286
0.0953281652225315	-0.0081787694427803
0.0956437973997898	-0.0082956406941606
0.0959569283158622	-0.0084137725048605
0.0962676280838905	-0.0085331291611877
0.0965979754800457	-0.0086623403214059
0.0968818545908633	-0.0087752382752924
0.0971241290583381	-0.0088729248337046
0.0973296576932421	-0.0089567417344923
0.0975030785900193	-0.0090281316320902
0.0976487362586850	-0.0090885596331807
0.0977706054109743	-0.0091394438200683
0.0978722228224248	-0.0091820984081134
0.0979567338709576	-0.0092177279216279
0.0980268471970838	-0.0092473949310671
0.0980848998654692	-0.0092720326492416
0.0981328986192694	-0.0092924537425116
0.0981725325066950	-0.0093093502866651
0.0982052071940601	-0.0093233042232670
0.0982321458649661	-0.0093348236902127
0.0982543222733866	-0.0093443179633283
0.0982725781905965	-0.0093521406292279
0.0982875950842191	-0.0093585803840746
0.0982999389253613	-0.0093638772462681
0.0983100764396645	-0.0093682301846700
0.0983142631601777	-0.0093699789591698
0.0983184479121336	-0.0093718235961101
