NACA_64A208_mfoil.txt1.000000 0.000168
0.950270 0.006280
0.900520 0.012408
0.850740 0.018408
0.800760 0.024296
0.750630 0.029616
0.700540 0.034480
0.650420 0.038816
0.600280 0.042584
0.550120 0.045712
0.499940 0.048112
0.449750 0.049664
0.399550 0.050192
0.349350 0.049536
0.299170 0.047872
0.249000 0.045248
0.198850 0.041600
0.148740 0.036736
0.098680 0.030336
0.073690 0.026304
0.048740 0.021480
0.023870 0.015160
0.011530 0.010736
0.006650 0.008352
0.004240 0.006848
0.000000 0.000000
0.005760 -0.005952
0.008350 -0.007088
0.013470 -0.008800
0.026130 -0.011784
0.051260 -0.015704
0.076310 -0.018528
0.101320 -0.020800
0.151260 -0.024240
0.201150 -0.026720
0.251000 -0.028432
0.300830 -0.029504
0.350650 -0.029952
0.400450 -0.029728
0.450250 -0.028640
0.500060 -0.026832
0.549880 -0.024496
0.599720 -0.021752
0.649580 -0.018736
0.699460 -0.015552
0.749370 -0.012336
0.799240 -0.009336
0.849260 -0.006872
0.899480 -0.004568
0.949740 -0.002360
1.000000 -0.000168
