NACA_64A206_mfoil.txt1.000000 0.000126
0.950270 0.004710
0.900520 0.009306
0.850740 0.013806
0.800760 0.018222
0.750630 0.022212
0.700540 0.025860
0.650420 0.029112
0.600280 0.031938
0.550120 0.034284
0.499940 0.036084
0.449750 0.037248
0.399550 0.037644
0.349350 0.037152
0.299170 0.035904
0.249000 0.033936
0.198850 0.031200
0.148740 0.027552
0.098680 0.022752
0.073690 0.019728
0.048740 0.016110
0.023870 0.011370
0.011530 0.008052
0.006650 0.006264
0.004240 0.005136
0.000000 0.000000
0.005760 -0.004464
0.008350 -0.005316
0.013470 -0.006600
0.026130 -0.008838
0.051260 -0.011778
0.076310 -0.013896
0.101320 -0.015600
0.151260 -0.018180
0.201150 -0.020040
0.251000 -0.021324
0.300830 -0.022128
0.350650 -0.022464
0.400450 -0.022296
0.450250 -0.021480
0.500060 -0.020124
0.549880 -0.018372
0.599720 -0.016314
0.649580 -0.014052
0.699460 -0.011664
0.749370 -0.009252
0.799240 -0.007002
0.849260 -0.005154
0.899480 -0.003426
0.949740 -0.001770
1.000000 -0.000126
