NACA_64A204_mfoil.txt1.000000 0.000084
0.950270 0.003140
0.900520 0.006204
0.850740 0.009204
0.800760 0.012148
0.750630 0.014808
0.700540 0.017240
0.650420 0.019408
0.600280 0.021292
0.550120 0.022856
0.499940 0.024056
0.449750 0.024832
0.399550 0.025096
0.349350 0.024768
0.299170 0.023936
0.249000 0.022624
0.198850 0.020800
0.148740 0.018368
0.098680 0.015168
0.073690 0.013152
0.048740 0.010740
0.023870 0.007580
0.011530 0.005368
0.006650 0.004176
0.004240 0.003424
0.000000 0.000000
0.005760 -0.002976
0.008350 -0.003544
0.013470 -0.004400
0.026130 -0.005892
0.051260 -0.007852
0.076310 -0.009264
0.101320 -0.010400
0.151260 -0.012120
0.201150 -0.013360
0.251000 -0.014216
0.300830 -0.014752
0.350650 -0.014976
0.400450 -0.014864
0.450250 -0.014320
0.500060 -0.013416
0.549880 -0.012248
0.599720 -0.010876
0.649580 -0.009368
0.699460 -0.007776
0.749370 -0.006168
0.799240 -0.004668
0.849260 -0.003436
0.899480 -0.002284
0.949740 -0.001180
1.000000 -0.000084
